0.000118282093405304
0.0000919971837596808
0.00011077211922084
0.0000995071579441446
0.0000976296643980286
0.000125792067589768
0.00010138465149026
0.0000938746773057968
0.000112649612766956
0.000112649612766956
0.000088242196667449
0.000105139638582492
0.0000844872095752171
0.00012015958695142
0.000127669561135884
0.00012015958695142
0.000116404599859188
0.000129547054682
0.000116404599859188
0.000118282093405304
0.000116404599859188
0.000144567003050927
0.000133302041774231
0.00011077211922084
0.000127669561135884
0.000133302041774231
0.000146444496597043
0.000122037080497536
0.00012015958695142
0.000157709457873739
0.000138934522412579
0.000142689509504811
0.000142689509504811
0.000129547054682
0.000118282093405304
0.000150199483689275
0.000155831964327623
0.000137057028866463
0.000189626848157709
0.000148321990143159
0.000195259328796057
0.00022154423844168
0.000210279277164985
0.00022154423844168
0.000215911757803333
0.000219666744895564
0.000234686693264492
0.000274114057732927
0.000302276460924666
0.000268481577094579
0.000322928889931941
0.000311663928655245
0.000366111241492607
0.000373621215677071
0.000431823515606665
0.000435578502698897
0.000484393334897911
0.000567003050927012
0.000617695376672143
0.000722835015254635
0.000782914808730345
0.00082234217319878
0.000884299460220605
0.00101196902135649
0.00115653602440742
0.00124102323398263
0.00139122271767191
0.00175357897207228
0.00202206054916686
0.00230743956817648
0.00264163341938512
0.00303402957052335
0.00371743722130955
0.00446280215911758
0.00561182820934053
0.00700868340765079
0.0094137526402253
0.0128627082844403
0.0186322459516545
0.0302107486505515
0.044
0.06
0.075
0.085
0.088
0.085
0.075
0.06
0.046
0.03
0.02
0.013
0.00687913635296879
0.00576766017366815
0.00474067120394274
0.00417366815301572
0.00368551983102558
0.00325932879605726
0.0026510208871157
0.00250082140342643
0.00221356489087069
0.00199577563952124
0.00186622858483924
0.0017085191269655
0.00160337948838301
0.00145505749823985
0.00134991785965736
0.0012729406242666
0.00121661581788313
0.00114902605022295
0.00117531095986858
0.0010251114761793
0.00103825393100211
0.000938746773057968
0.000918094344050692
0.000824219666744896
0.000835484628021591
0.000869279511851678
0.000818587186106548
0.000737854963623562
0.000722835015254635
0.000717202534616287
0.000668387702417273
0.000756629899084722
0.000593287960572635
0.000694672612062896
0.000634592818587186
0.000595165454118752
0.000628960337948838
0.000640225299225534
0.000621450363764375
0.000643980286317766
0.000610185402487679
0.000602675428303215
0.000593287960572635
0.000551983102558085
0.000544473128373621
0.000518188218727998
0.000501290776812955
0.000488148321990143
0.000535085660643041
0.000475005867167332
0.000516310725181882
0.000486270828444027
0.000486270828444027
0.000508800750997418
0.000426191034968317
0.000484393334897911
0.000478760854259563
0.000488148321990143
0.000478760854259563
0.000459985918798404
0.000426191034968317
0.000495658296174607
0.000484393334897911
0.000463740905890636
0.000444965970429477
0.000476883360713448
0.000491903309082375
0.000439333489791129
0.000428068528514433
0.000446843463975593
0.000435578502698897
0.000403661112414926
0.000414926073691622
0.000426191034968317
0.000433701009152781
0.000448720957521709
0.000413048580145506
0.000424313541422201
0.000392396151138231
0.000383008683407651
0.000444965970429477
0.000422436047876085
0.000429946022060549
0.000458108425252288
0.000478760854259563
0.000450598451067824
0.000403661112414926
0.000413048580145506
0.000352968786669796
0.000405538605961042
0.000383008683407651
0.000413048580145506
0.000413048580145506
0.000448720957521709
0.000414926073691622
0.000467495892982868
0.000379253696315419
0.000405538605961042
0.000356723773762028
0.000422436047876085
0.000409293593053274
0.000398028631776578
0.000469373386528984
0.000454353438160056
0.000439333489791129
0.000398028631776578
0.000407416099507158
0.000424313541422201
0.000398028631776578
0.000375498709223187
0.000441210983337245
0.000454353438160056
0.000450598451067824
0.000473128373621216
0.000480638347805679
0.000458108425252288
0.000473128373621216
0.000518188218727998
0.000424313541422201
0.000388641164045999
0.000439333489791129
0.000473128373621216
0.000454353438160056
0.000514433231635766
0.000486270828444027
0.000523820699366346
0.00051255573808965
0.000444965970429477
0.000456230931706172
0.000448720957521709
0.000458108425252288
0.000467495892982868
0.000570758038019244
0.000529453180004694
0.000612062896033795
0.000649612766956114
0.000604552921849331
0.000628960337948838
0.000578268012203708
0.000493780802628491
0.000525698192912462
0.000529453180004694
0.000529453180004694
0.000628960337948838
0.000775404834545881
0.000827974653837127
0.000814832199014316
0.000814832199014316
0.000711570053977939
0.000653367754048345
0.000600797934757099
0.000657122741140577
0.000779159821638113
0.000732222482985215
0.000927481811781272
0.00104200891809434
0.00109645623093171
0.00122224829852147
0.00115090354376907
0.00116404599859188
0.00105702886646327
0.00101947899554095
0.00103262145036376
0.000965031682703591
0.00122037080497536
0.00134804036611124
0.0014606899788782
0.00178549636235625
0.0017085191269655
0.0017911288429946
0.0017667214268951
0.00172541656888054
0.00159774700774466
0.00151138230462333
0.00161839943675194
0.00178549636235625
0.00189626848157709
0.00207650786200422
0.00244261910349683
0.00245951654541188
0.00263224595165454
0.00266040835484628
0.00264914339356958
0.00251584135179535
0.00234686693264492
0.00216662755221779
0.00217413752640225
0.0022623797230697
0.0023093170617226
0.00256465618399437
0.00285566768364234
0.00307721192208402
0.00319549401548932
0.00317108659938981
0.0031222717671908
0.00307721192208402
0.00288195259328796
0.0026510208871157
0.00236188688101385
0.00216850504576391
0.00218540248767895
0.00225111476179301
0.00234123445200657
0.00245388406477353
0.0026979582257686
0.00280685285144332
0.0025684111710866
0.00270546819995306
0.00253837127434874
0.00240882421966674
0.0020502229523586
0.00201079558789017
0.00177423140107956
0.00169537667214269
0.00140436517249472
0.00152827974653837
0.00150387233043886
0.00152827974653837
0.00160525698192912
0.00179863881717907
0.0017911288429946
0.00191879840413049
0.00202018305562075
0.00193945083313776
0.00210654775874208
0.00204083548462802
0.00201642806852851
0.00192255339122272
0.00168411171086599
0.00153015724008449
0.00156958460455292
0.00141187514667918
0.00143440506923257
0.00146256747242431
0.0015320347336306
0.00175170147852617
0.00182867871391692
0.00204271297817414
0.00214785261675663
0.00218352499413283
0.00219291246186341
0.0022623797230697
0.00196198075569115
0.00181929124618634
0.00170288664632715
0.00167472424313541
0.00144191504341704
0.00130110302745834
0.00120910584369866
0.00116029101149965
0.00106829382773997
0.00107955878901666
0.00111710865993898
0.00120347336306031
0.00125604318235156
0.00141563013377142
0.00150950481107721
0.00173480403661112
0.00192255339122272
0.00195071579441446
0.00215536259094109
0.00208965031682704
0.00208214034264257
0.00202018305562075
0.00193945083313776
0.00168035672377376
0.00153954470781507
0.00150387233043886
0.00132551044355785
0.00115841351795353
0.00105890636000939
0.000991316592349214
0.000938746773057968
0.000929359305327388
0.00100821403426426
0.00111335367284675
0.00106266134710162
0.00119596338887585
0.00128232809199718
0.00138371274348744
0.00162027693029805
0.00189439098803098
0.00182680122037081
0.00187937103966205
0.00216287256512556
0.0020971602910115
0.00204083548462802
0.00213471016193382
0.00205961042008918
0.00197136822342173
0.00180614879136353
0.00165970429476649
0.00160150199483689
0.0014963623562544
0.00140061018540249
0.00122788077915982
0.00118094344050692
0.00107955878901666
0.00103449894390988
0.000950011734334663
0.000931236798873504
0.00101384651490261
0.00101384651490261
0.00101384651490261
0.00115653602440742
0.00118845341469139
0.00133489791128843
0.00138183524994133
0.00159962450129078
0.00172166158178831
0.00179488383008683
0.00193757333959165
0.00201267308143628
0.00216850504576391
0.00222295235860127
0.00225299225533912
0.00245951654541188
0.00281436282562779
0.00277118047406712
0.00273175310959869
0.00285754517718845
0.00300774466087773
0.00290823750293358
0.0029570523351326
0.0029457873738559
0.00294390988030979
0.00287256512555738
0.00280497535789721
0.00269608073222248
0.00244261910349683
0.0026040835484628
0.00260596104200892
0.00235249941328327
0.00226425721661582
0.00213846514902605
0.0020032856137057
0.00202769302980521
0.00199577563952124
0.00191692091058437
0.00172541656888054
0.00163341938512086
0.00151513729171556
0.00147570992724712
0.00125041070171321
0.00120910584369866
0.00119971837596808
0.00109833372447782
0.000953766721426895
0.0010251114761793
0.000904951889227881
0.000777282328091997
0.000707815066885708
0.000670265195963389
0.000563248063834781
0.000576390518657592
0.000555738089650317
0.000503168270359071
0.00041117108659939
0.000398028631776578
0.000366111241492607
0.000349213799577564
0.000304153954470782
0.000311663928655245
0.000296643980286318
0.000285379019009622
0.000319173902839709
0.000260971602910115
0.000223421731987796
0.000212156770711101
0.000195259328796057
0.000178361886881014
0.000172729406242666
0.000212156770711101
0.000153954470781507
0.000167096925604318
0.000165219432058202
0.000144567003050927
0.000146444496597043
0.000137057028866463
0.000157709457873739
0.000137057028866463
0.000137057028866463
0.000131424548228115
0.000118282093405304
0.000140812015958695
0.000125792067589768
0.000118282093405304
0.000135179535320347
0.000127669561135884
0.000112649612766956
0.000105139638582492
0.000103262145036376
0.000107017132128608
0.0000919971837596808
0.00010138465149026
0.00010138465149026
0.000112649612766956
0.0000826097160291011
0.000105139638582492
0.0000995071579441446
0.000105139638582492
0.00010138465149026
0.000103262145036376
0.0000938746773057968
0.00010138465149026
0.00011077211922084