2.377593e-04
2.377593e-04
2.437786e-04
2.753795e-04
2.377593e-04
2.212065e-04
2.437786e-04
2.212065e-04
2.422738e-04
2.317401e-04
2.422738e-04
2.467882e-04
2.467882e-04
2.482930e-04
2.136824e-04
2.633410e-04
2.497978e-04
2.407690e-04
2.558170e-04
2.497978e-04
2.482930e-04
2.603314e-04
2.513026e-04
2.528074e-04
2.874179e-04
2.633410e-04
2.573218e-04
2.753795e-04
2.829035e-04
2.949420e-04
2.874179e-04
2.904276e-04
2.904276e-04
3.039708e-04
3.099900e-04
3.340669e-04
3.370765e-04
3.310573e-04
3.205237e-04
3.506198e-04
3.867351e-04
3.686775e-04
3.927544e-04
4.333841e-04
4.198409e-04
4.890619e-04
5.071196e-04
5.417302e-04
6.651242e-04
7.689559e-04
7.915279e-04
9.254557e-04
1.125595e-03
1.286609e-03
1.459662e-03
1.673344e-03
1.995373e-03
2.520550e-03
2.928352e-03
3.706337e-03
4.687471e-03
6.154656e-03
8.976168e-03
1.360044e-02
2.267893e-02
3.375882e-02
4.801083e-02
6.011399e-02
7.065215e-02
7.666685e-02
7.929274e-02
8.000000e-02
7.868029e-02
7.515302e-02
7.091699e-02
6.433046e-02
5.510299e-02
4.425183e-02
3.351504e-02
2.457800e-02
1.640840e-02
1.125896e-02
8.113914e-03
6.223878e-03
4.986927e-03
4.354908e-03
3.588962e-03
3.111939e-03
2.895247e-03
2.657487e-03
2.464872e-03
2.186483e-03
1.987849e-03
1.850911e-03
1.748585e-03
1.668830e-03
1.483739e-03
1.528883e-03
1.492768e-03
1.357335e-03
1.373888e-03
1.330248e-03
1.285104e-03
1.233941e-03
1.229426e-03
1.161710e-03
1.142148e-03
1.122585e-03
1.100013e-03
1.106032e-03
1.051859e-03
1.075936e-03
1.086470e-03
1.036811e-03
1.062393e-03
9.976864e-04
1.012734e-03
9.826383e-04
1.075936e-03
1.047345e-03
9.961816e-04
1.009725e-03
1.042831e-03
1.047345e-03
1.024773e-03
1.083460e-03
1.093994e-03
1.045840e-03
1.078946e-03
1.072927e-03
1.036811e-03
1.051859e-03
1.137633e-03
1.063898e-03
1.084965e-03
1.199330e-03
1.203845e-03
1.285104e-03
1.280590e-03
1.206854e-03
1.239960e-03
1.261027e-03
1.345297e-03
1.324229e-03
1.378402e-03
1.515340e-03
1.571017e-03
1.623686e-03
1.647763e-03
1.775671e-03
1.700431e-03
1.885522e-03
1.834358e-03
1.930666e-03
2.072118e-03
2.130805e-03
2.439290e-03
2.374584e-03
2.437786e-03
2.627391e-03
2.692098e-03
2.755300e-03
2.809473e-03
3.048737e-03
2.993059e-03
3.283487e-03
3.242857e-03
3.503188e-03
3.831236e-03
4.041909e-03
4.339860e-03
4.506894e-03
4.494855e-03
4.574610e-03
4.640822e-03
4.673927e-03
4.743148e-03
4.735624e-03
4.860523e-03
4.821398e-03
5.108816e-03
5.230706e-03
5.426330e-03
5.485018e-03
5.659575e-03
5.686662e-03
5.644527e-03
5.555744e-03
5.412787e-03
5.206629e-03
4.856009e-03
4.744653e-03
4.084043e-03
4.105111e-03
3.859827e-03
3.762015e-03
3.658183e-03
3.701823e-03
3.867351e-03
3.796625e-03
3.835750e-03
4.004289e-03
3.850798e-03
3.950116e-03
3.923029e-03
3.655174e-03
3.441491e-03
3.220285e-03
3.023155e-03
2.862141e-03
2.660497e-03
2.604819e-03
2.616858e-03
2.497978e-03
2.916314e-03
2.887723e-03
3.200722e-03
3.381299e-03
3.667212e-03
3.889923e-03
4.068995e-03
4.047928e-03
4.201418e-03
4.330832e-03
4.062976e-03
3.965164e-03
3.777063e-03
3.540808e-03
3.316592e-03
3.060775e-03
2.731223e-03
2.528074e-03
2.251190e-03
2.087166e-03
2.020954e-03
1.954743e-03
1.909599e-03
1.938190e-03
2.138329e-03
2.321916e-03
2.395651e-03
2.913304e-03
3.369261e-03
3.622068e-03
3.894438e-03
4.248067e-03
4.407577e-03
4.795817e-03
5.026052e-03
5.226191e-03
5.299927e-03
5.295412e-03
5.862724e-03
5.882287e-03
5.724282e-03
5.709234e-03
5.680643e-03
5.668604e-03
5.230706e-03
5.059158e-03
4.940278e-03
4.505389e-03
4.434663e-03
4.117149e-03
3.781577e-03
3.733424e-03
3.376785e-03
3.089367e-03
2.865151e-03
2.672535e-03
2.294829e-03
2.350507e-03
2.178959e-03
1.853921e-03
1.769652e-03
1.665820e-03
1.396460e-03
1.406994e-03
1.136129e-03
1.110547e-03
1.020258e-03
9.931719e-04
7.779847e-04
7.809943e-04
7.223069e-04
7.057540e-04
5.853695e-04
5.071196e-04
5.281869e-04
4.830427e-04
4.062976e-04
4.228505e-04
4.123168e-04
3.882399e-04
3.400862e-04
3.415910e-04
3.430958e-04
2.964468e-04
3.024660e-04
2.994564e-04
2.889227e-04
2.633410e-04
2.738747e-04
2.588266e-04
2.588266e-04
2.452834e-04
2.663507e-04
2.558170e-04
2.452834e-04
2.302353e-04
2.422738e-04
2.302353e-04
2.197017e-04
2.377593e-04
2.392641e-04
2.543122e-04
2.347497e-04
2.332449e-04
2.106728e-04
2.242161e-04
2.046536e-04
2.257209e-04
2.166921e-04
2.197017e-04
2.332449e-04
2.136824e-04
2.166921e-04
2.257209e-04
2.106728e-04
2.151873e-04
2.332449e-04
2.317401e-04
2.121776e-04
1.971296e-04
2.212065e-04
2.181969e-04
2.392641e-04
2.166921e-04
2.272257e-04
2.031488e-04
2.061584e-04
2.272257e-04
2.106728e-04
2.076632e-04
2.242161e-04
2.287305e-04
2.242161e-04
2.121776e-04
2.106728e-04
2.227113e-04
2.212065e-04
2.212065e-04
2.046536e-04
2.166921e-04
1.941200e-04
2.046536e-04
