0,000190243609294632
0,000177836982087932
0,000159227041277883
0,000174735325286257
0,000176286153687095
0,000174735325286257
0,000184040295691282
0,000199548579699656
0,000190243609294632
0,00017318449688542
0,000174735325286257
0,000213506035307193
0,000174735325286257
0,000184040295691282
0,000207302721703843
0,000196446922897981
0,000216607692108868
0,000196446922897981
0,000201099408100494
0,000207302721703843
0,000224361834113055
0,000224361834113055
0,00023366680451808
0,000247624260125617
0,000252276745328129
0,000250725916927292
0,000253827573728967
0,000280191656543204
0,000272437514539016
0,000266234200935666
0,000269335857737341
0,000281742484944041
0,000309657396159115
0,00031275905296079
0,00037324136059345
0,000360834733386751
0,000408910413812712
0,000402707100209362
0,000453884437436998
0,000483350177052909
0,000536078342681382
0,000576399881103156
0,00061051810592158
0,000719076093980201
0,000754745147199462
0,000787312543617049
0,000943946212101631
0,00101373349013932
0,00116881633022306
0,00127737431828168
0,00151930354881232
0,00173486869652873
0,00195508632944765
0,00227765863682184
0,00268242484944041
0,00309339437566233
0,00384399532166766
0,00502574848760496
0,0084414161280395
0,0131874784758327
0,0194208895827818
0,0271053286897536
0,0359260056044806
0,0452506862831242
0,0541698789103439
0,0616288868065461
0,0666315505986541
0,0684628861314285
0,066861669406538
0,0620848915183538
0,0548417634992892
0,0461205766578235
0,0369669266801249
0,0282819123519626
0,0206922273524188
0,014511408472864
0,0097790261763936
0,00634493548020119
0,00418362674145106
0,00345163573625578
0,00303136123962883
0,00270878893225465
0,00237380999767376
0,00218150727596991
0,00191321396262504
0,00169144550130528
0,00159374331205252
0,00147898201039055
0,00126496769107498
0,00132234834190597
0,00116416384502055
0,00107731745457365
0,00106025834216444
0,00096875946651503
0,000971861123316705
0,000886565561270645
0,000795066685621236
0,000858650650055571
0,0007438893483936
0,000729931892786063
0,000686508697562615
0,000619823076326604
0,000667898756752565
0,000663246271550053
0,000585704851508181
0,000624475561529117
0,000556239111892269
0,000588806508309855
0,000579501537904831
0,000568645739098969
0,000582603194706506
0,000540730827883895
0,000528324200677195
0,000542281656284732
0,000557789940293107
0,00051901923027217
0,000484901005453747
0,000478697691850397
0,000436825325027786
0,000503510946263796
0,000506612603065471
0,000455435265837835
0,000474045206647884
0,000480248520251234
0,000439926981829461
0,000472494378247047
0,000447681123833648
0,000463189407842022
0,000443028638631135
0,000427520354622761
0,000421317041019411
0,00045233360903616
0,000438376153428623
0,000463189407842022
0,000422867869420249
0,000433723668226111
0,000382546330998475
0,000439926981829461
0,000367038046990101
0,000394952958205175
0,000421317041019411
0,000346877277779214
0,000371690532192613
0,00037324136059345
0,000394952958205175
0,00038564798780015
0,000405808757011037
0,000367038046990101
0,000387198816200987
0,000368588875390938
0,000343775620977539
0,000370139703791775
0,000359283904985913
0,000353080591382564
0,000390300473002662
0,000374792188994288
0,000370139703791775
0,000351529762981726
0,000387198816200987
0,000349978934580889
0,000370139703791775
0,000356182248184238
0,000357733076585076
0,000348428106180051
0,000351529762981726
0,000343775620977539
0,000354631419783401
0,000374792188994288
0,000349978934580889
0,000370139703791775
0,0003918513014035
0,00037324136059345
0,000346877277779214
0,000362385561787588
0,000295699940551578
0,000360834733386751
0,000336021478973352
0,000359283904985913
0,000342224792576701
0,000393402129804337
0,000325165680167489
0,000328267336969164
0,000340673964175864
0,000320513194964977
0,000334470650572514
0,000295699940551578
0,000329818165370002
0,000371690532192613
0,000311208224559952
0,000337572307374189
0,000329818165370002
0,000317411538163302
0,000345326449378376
0,000315860709762465
0,00031275905296079
0,000334470650572514
0,000314309881361627
0,000331368993770839
0,000342224792576701
0,000298801597353253
0,000346877277779214
0,00031275905296079
0,000305004910956603
0,000339123135775026
0,00030655573935744
0,000322064023365815
0,000315860709762465
0,00030035242575409
0,000354631419783401
0,000331368993770839
0,000337572307374189
0,000295699940551578
0,000308106567758278
0,000332919822171677
0,000320513194964977
0,000297250768952415
0,000339123135775026
0,000317411538163302
0,00031275905296079
0,000326716508568327
0,000303454082555765
0,000303454082555765
0,00030655573935744
0,000309657396159115
0,000317411538163302
0,000314309881361627
0,000345326449378376
0,000329818165370002
0,000311208224559952
0,000322064023365815
0,000294149112150741
0,000311208224559952
0,000323614851766652
0,000334470650572514
0,000301903254154928
0,000342224792576701
0,000308106567758278
0,000322064023365815
0,000343775620977539
0,000289496626948228
0,000309657396159115
0,000315860709762465
0,00031896236656414
0,000331368993770839
0,00030655573935744
0,000308106567758278
0,000331368993770839
0,000311208224559952
0,000314309881361627
0,00031275905296079
0,00031896236656414
0,00031275905296079
0,000297250768952415
0,000331368993770839
0,000320513194964977
0,000278640828142366
0,000329818165370002
0,000320513194964977
0,000326716508568327
0,000315860709762465
0,000337572307374189
0,000317411538163302
0,000317411538163302
0,00030035242575409
0,000303454082555765
0,000278640828142366
0,000303454082555765
0,000326716508568327
0,000337572307374189
0,000342224792576701
0,000292598283749903
0,00031896236656414
0,000280191656543204
0,00030655573935744
0,000325165680167489
0,000305004910956603
0,000291047455349066
0,000297250768952415
0,000332919822171677
0,000349978934580889
0,000348428106180051
0,000322064023365815
0,00031896236656414
0,000303454082555765
0,000311208224559952
0,00031896236656414
0,000289496626948228
0,000323614851766652
0,000311208224559952
0,000273988342939854
0,000326716508568327
0,000301903254154928
0,000278640828142366
0,000325165680167489
0,000328267336969164
0,000323614851766652
0,000320513194964977
0,00031275905296079
0,000298801597353253
0,000291047455349066
0,000351529762981726
0,000328267336969164
0,000374792188994288
0,000323614851766652
0,000336021478973352
0,000328267336969164
0,000337572307374189
0,000329818165370002
0,000317411538163302
0,000339123135775026
0,000360834733386751
0,000419766212618574
0,000405808757011037
0,000346877277779214
0,000342224792576701
0,000343775620977539
0,000354631419783401
0,000305004910956603
0,000337572307374189
0,000360834733386751
0,000339123135775026
0,000359283904985913
0,000377893845795963
0,0003794446741968
0,000376343017395125
0,000370139703791775
0,00037324136059345
0,000332919822171677
0,000328267336969164
0,000367038046990101
0,000376343017395125
0,000390300473002662
0,000394952958205175
0,000413562899015224
0,000380995502597638
0,000418215384217736
0,0003918513014035
0,000387198816200987
0,000399605443407687
0,000410461242213549
0,00039805461500685
0,000410461242213549
0,000438376153428623
0,00046474023624286
0,000484901005453747
0,000469392721445372
0,000500409289462121
0,000467841893044535
0,000450782780635323
0,000415113727416061
0,000439926981829461
0,000412012070614387
0,000505061774664633
0,000488002662255421
0,000570196567499806
0,000517468401871333
0,000553137455090594
0,000517468401871333
0,000523671715474683
0,000494205975858771
0,000540730827883895
0,000505061774664633
0,000581052366305668
0,000515917573470496
0,000560891597094781
0,000633780531934141
0,000643085502339166
0,000643085502339166
0,000653941301145028
0,000638433017136654
0,000562442425495619
0,000647737987541679
0,000622924733128279
0,000675652898756753
0,000695813667967639
0,000748541833596113
0,000725279407583551
0,00081057496962961
0,00075009266199695
0,000801269999224586
0,000726830235984388
0,000740787691591925
0,000726830235984388
0,000821430768435473
0,000826083253637985
0,000824532425237147
0,000939293726899119
0,000936192070097444
0,000984267750523404
0,000988920235725917
0,00101373349013932
0,00101683514694099
0,000970310294915867
0,00097496278011838
0,000871057277262271
0,000957903667709168
0,000990471064126754
0,0010711141409703
0,00114865556101217
0,00119362958463646
0,00121379035384735
0,00119828206983897
0,00113935059060715
0,00120293455504148
0,00113469810540464
0,00113779976220631
0,00118587544263227
0,00116881633022306
0,00116261301661971
0,00129753508749257
0,00131769585670346
0,00136577153712942
0,00128978094548838
0,00127272183307917
0,00135181408152188
0,00130063674429424
0,00115951135981804
0,00111608816459459
0,00117657047222725
0,00126962017627749
0,00120448538344232
0,00128667928868671
0,00132700082710848
0,00139368644834449
0,00139213561994365
0,00136887319393109
0,00129908591589341
0,00121844283904986
0,00120603621184316
0,0010587075137636
0,00113624893380547
0,0011083340225904
0,00119052792783478
0,00109747822378454
0,001083520768177
0,00117346881542557
0,00116726550182222
0,00115020638941301
0,00107421579777198
0,00107886828297449
0,00110213070898705
0,00114865556101217
0,000988920235725917
0,000973411951717542
0,000988920235725917
0,000971861123316705
0,000937742898498281
0,000992021892527592
0,000959454496110005
0,00106491082736695
0,00103854674455272
0,00106491082736695
0,00108507159657784
0,00112229147819794
0,00105560585696193
0,00105715668536276
0,00105715668536276
0,000911378815684044
0,000861752306857246
0,000925336271291582
0,000942395383700793
0,000950149525704981
0,000990471064126754
0,00096875946651503
0,00104475005815607
0,0011331472770038
0,00111608816459459
0,00106491082736695
0,00109437656698286
0,00108196993977616
0,00101838597534183
0,00101993680374267
0,000951700354105818
0,000961005324510843
0,000850896508051384
0,000841591537646359
0,000826083253637985
0,000813676626431285
0,000892768874873995
0,00088966721807232
0,000881913076068133
0,000919132957688232
0,000872608105663108
0,000897421360076507
0,000892768874873995
0,000844693194448034
0,000905175502080695
0,000852447336452222
0,000801269999224586
0,000861752306857246
0,000745440176794438
0,000787312543617049
0,000748541833596113
0,000824532425237147
0,00076249928920365
0,000818329111633798
0,00088346390446897
0,000867955620460596
0,000861752306857246
0,00088346390446897
0,000878811419266458
0,000925336271291582
0,000905175502080695
0,000920683786089069
0,000875709762464783
0,000757846804001137
0,00076249928920365
0,000694262839566802
0,000669449585153403
0,000709771123575176
0,000728381064385226
0,000702016981570989
0,000686508697562615
0,000725279407583551
0,000757846804001137
0,000805922484427098
0,000790414200418724
0,000804371656026261
0,000768702602806999
0,000791965028819561
0,00081057496962961
0,000809024141228773
0,000821430768435473
0,000740787691591925
0,000802820827625423
0,000714423608777689
0,000653941301145028
0,00068961035436429
0,000667898756752565
0,000647737987541679
0,000678754555558428
0,000695813667967639
0,000650839644343353
0,000708220295174339
0,000801269999224586
0,000753194318798625
0,000805922484427098
0,0007438893483936
0,000722177750781876
0,000726830235984388
0,00068340704076094
0,000720626922381039
0,000719076093980201
0,000705118638372664
0,000708220295174339
0,000657042957946703
0,000626026389929954
0,000588806508309855
0,000633780531934141
0,000619823076326604
0,000570196567499806
0,000633780531934141
0,000562442425495619
0,000613619762723255
0,000695813667967639
0,000675652898756753
0,000705118638372664
0,000674102070355915
0,00067100041355424
0,000720626922381039
0,000731482721186901
0,00075009266199695
0,000702016981570989
0,000698915324769314
0,000686508697562615
0,000644636330740004
0,000652390472744191
0,00060431479231823
0,000608967277520742
0,000608967277520742
0,000574849052702318
0,000546934141487244
0,000560891597094781
0,000540730827883895
0,000582603194706506
0,000560891597094781
0,00060431479231823
0,000528324200677195
0,000612068934322417
0,000619823076326604
0,000669449585153403
0,000672551241955078
0,00068340704076094
0,000667898756752565
0,000675652898756753
0,000703567809971827
0,000652390472744191
0,000621373904727442
0,000638433017136654
0,000675652898756753
0,000638433017136654
0,000595009821913205
0,000553137455090594
0,000590357336710693
0,000574849052702318
0,000542281656284732
0,000557789940293107
0,000550035798288919
0,000543832484685569
0,000545383313086407
0,000585704851508181
0,000551586626689757
0,000577950709503993
0,000613619762723255
0,000577950709503993
0,000579501537904831
0,000579501537904831
0,000627577218330792
0,000649288815942516
0,000622924733128279
0,00060431479231823
0,000636882188735816
0,000706669466773501
0,000643085502339166
0,000657042957946703
0,000681856212360102
0,000714423608777689
0,00061051810592158
0,000629128046731629
0,000621373904727442
0,00061051810592158
0,000536078342681382
0,000576399881103156
0,000550035798288919
0,000523671715474683
0,000526773372276358
0,000517468401871333
0,000478697691850397
0,000523671715474683
0,000539179999483057
0,000483350177052909
0,000522120887073845
0,000509714259867146
0,000553137455090594
0,000553137455090594
0,00052522254387552
0,000557789940293107
0,000627577218330792
0,00059811147871488
0,000627577218330792
0,000649288815942516
0,000694262839566802
0,00068340704076094
0,000624475561529117
0,000719076093980201
0,000653941301145028
0,000754745147199462
0,000639983845537491
0,000649288815942516
0,000675652898756753
0,000667898756752565
0,000632229703533304
0,000585704851508181
0,000585704851508181
0,000585704851508181
0,000618272247925767
0,000596560650314043
0,000605865620719067
0,000556239111892269
0,000576399881103156
0,000484901005453747
0,00052522254387552
0,000489553490656259
0,000505061774664633
0,000509714259867146
0,000492655147457934
0,000470943549846209
0,000455435265837835
0,000483350177052909
0,000495756804259609
0,000475596035048722
0,000550035798288919
0,00053142585747887
0,00052522254387552
0,000605865620719067
0,000595009821913205
0,000629128046731629
0,000624475561529117
0,00059190816511153
0,000723728579182713
0,000717525265579364
0,000722177750781876
0,000715974437178526
0,00075009266199695
0,00075009266199695
0,000801269999224586
0,000827634082038822
0,000894319703274833
0,000815227454832123
0,000878811419266458
0,000813676626431285
0,000850896508051384
0,000931539584894931
0,000872608105663108
0,000942395383700793
0,000867955620460596
0,000931539584894931
0,000947047868903306
0,000840040709245522
0,000849345679650547
0,000880362247667296
0,000818329111633798
0,000773355088009512
0,000809024141228773
0,000781109230013699
0,000767151774406162
0,000844693194448034
0,000819879940034635
0,000731482721186901
0,000722177750781876
0,000692712011165964
0,000700466153170152
0,000700466153170152
0,000675652898756753
0,00060431479231823
0,000577950709503993
0,000548484969888082
0,000556239111892269
0,000511265088267983
0,000568645739098969
0,000503510946263796
0,000543832484685569
0,000488002662255421
0,000456986094238672
0,00045853692263951
0,000436825325027786
0,000405808757011037
0,000399605443407687
0,000374792188994288
0,0003794446741968
0,000357733076585076
0,000380995502597638
0,000337572307374189
0,000311208224559952
0,000314309881361627
0,000278640828142366
0,00031275905296079
0,000284844141745716
0,000297250768952415
0,000275539171340691
0,000270886686138179
0,000263132544133992
0,000277089999741529
0,000222811005712218
0,000216607692108868
0,00023366680451808
0,00023366680451808
0,000247624260125617
0,000242971774923105
0,000215056863708031
0,000235217632918918
0,000218158520509706
0,00022746349091473
0,000202650236501331
0,000196446922897981
0,000182489467290444
0,000187141952492957
0,000190243609294632
0,000182489467290444
0,000151472899273695
0,000168532011682907
0,000179387810488769
0,000179387810488769
0,000187141952492957
0,000187141952492957
0,000176286153687095
0,000171633668484582
0,00016698118328207
0,00015457455607537
0,000176286153687095
0,000177836982087932
0,000185591124092119
0,000159227041277883
0,00016077786967872
0,000157676212877045
0,000165430354881232
0,000187141952492957
0,000168532011682907
0,000159227041277883
0,000177836982087932
0,000171633668484582
0,000170082840083745
0,000156125384476208
0,000157676212877045
0,000165430354881232
0,000146820414071183
0,000151472899273695
0,000151472899273695
0,000170082840083745
0,000142167928868671
0,000159227041277883
0,000163879526480395
0,00015457455607537
0,000153023727674533
0,00014837124247202
0,000135964615265321
0,00016698118328207
0,000153023727674533
0,000157676212877045
0,000156125384476208
0,000151472899273695
0,000159227041277883
0,000139066272066996
0,000153023727674533
0,00015457455607537
0,000159227041277883
0,000143718757269508
0,00015457455607537
0,000151472899273695
0,000153023727674533
0,000140617100467833
0,000153023727674533
0,000156125384476208
0,00016698118328207
0,000162328698079557