1.009390e-04
6.807512e-05
9.154930e-05
7.746479e-05
7.511737e-05
1.103286e-04
7.981221e-05
7.042254e-05
9.389671e-05
9.389671e-05
6.338028e-05
8.450704e-05
5.868545e-05
1.032864e-04
1.126761e-04
1.032864e-04
9.859155e-05
1.150235e-04
9.859155e-05
1.009390e-04
9.859155e-05
1.338028e-04
1.197183e-04
9.154930e-05
1.126761e-04
1.197183e-04
1.361502e-04
1.056338e-04
1.032864e-04
1.502347e-04
1.267606e-04
1.314554e-04
1.314554e-04
1.150235e-04
1.009390e-04
1.408451e-04
1.478873e-04
1.244131e-04
1.901408e-04
1.384977e-04
1.971831e-04
2.300469e-04
2.159624e-04
2.300469e-04
2.230047e-04
2.276995e-04
2.464789e-04
2.957746e-04
3.309859e-04
2.887324e-04
3.568075e-04
3.427230e-04
4.107981e-04
4.201878e-04
4.929577e-04
4.976526e-04
5.586854e-04
6.619718e-04
7.253521e-04
8.568075e-04
9.319249e-04
9.812207e-04
1.058685e-03
1.218310e-03
1.399061e-03
1.504695e-03
1.692488e-03
2.145540e-03
2.481221e-03
2.838028e-03
3.255869e-03
3.746479e-03
4.600939e-03
5.532864e-03
6.969484e-03
8.715962e-03
1.172300e-02
1.603521e-02
2.324883e-02
3.772535e-02
5.866901e-02
8.750000e-02
1.305563e-01
1.898005e-01
2.000000e-01
1.319577e-01
6.773944e-02
3.763380e-02
2.443897e-02
1.691784e-02
1.327934e-02
1.035681e-02
8.553991e-03
7.164319e-03
5.880282e-03
5.171362e-03
4.561033e-03
4.028169e-03
3.267606e-03
3.079812e-03
2.720657e-03
2.448357e-03
2.286385e-03
2.089202e-03
1.957746e-03
1.772300e-03
1.640845e-03
1.544601e-03
1.474178e-03
1.389671e-03
1.422535e-03
1.234742e-03
1.251174e-03
1.126761e-03
1.100939e-03
9.835681e-04
9.976526e-04
1.039906e-03
9.765258e-04
8.755869e-04
8.568075e-04
8.497653e-04
7.887324e-04
8.990610e-04
6.948357e-04
8.215962e-04
7.464789e-04
6.971831e-04
7.394366e-04
7.535211e-04
7.300469e-04
7.582160e-04
7.159624e-04
7.065728e-04
6.948357e-04
6.431925e-04
6.338028e-04
6.009390e-04
5.798122e-04
5.633803e-04
6.220657e-04
5.469484e-04
5.985915e-04
5.610329e-04
5.610329e-04
5.892019e-04
4.859155e-04
5.586854e-04
5.516432e-04
5.633803e-04
5.516432e-04
5.281690e-04
4.859155e-04
5.727700e-04
5.586854e-04
5.328638e-04
5.093897e-04
5.492958e-04
5.680751e-04
5.023474e-04
4.882629e-04
5.117371e-04
4.976526e-04
4.577465e-04
4.718310e-04
4.859155e-04
4.953052e-04
5.140845e-04
4.694836e-04
4.835681e-04
4.436620e-04
4.319249e-04
5.093897e-04
4.812207e-04
4.906103e-04
5.258216e-04
5.516432e-04
5.164319e-04
4.577465e-04
4.694836e-04
3.943662e-04
4.600939e-04
4.319249e-04
4.694836e-04
4.694836e-04
5.140845e-04
4.718310e-04
5.375587e-04
4.272300e-04
4.600939e-04
3.990610e-04
4.812207e-04
4.647887e-04
4.507042e-04
5.399061e-04
5.211268e-04
5.023474e-04
4.507042e-04
4.624413e-04
4.835681e-04
4.507042e-04
4.225352e-04
5.046948e-04
5.211268e-04
5.164319e-04
5.446009e-04
5.539906e-04
5.258216e-04
5.446009e-04
6.009390e-04
4.835681e-04
4.389671e-04
5.023474e-04
5.446009e-04
5.211268e-04
5.962441e-04
5.610329e-04
6.079812e-04
5.938967e-04
5.093897e-04
5.234742e-04
5.140845e-04
5.258216e-04
5.375587e-04
6.666667e-04
6.150235e-04
7.183099e-04
7.652582e-04
7.089202e-04
7.394366e-04
6.760563e-04
5.704225e-04
6.103286e-04
6.150235e-04
6.150235e-04
7.394366e-04
9.225352e-04
9.882629e-04
9.718310e-04
9.718310e-04
8.427230e-04
7.699531e-04
7.042254e-04
7.746479e-04
9.272300e-04
8.685446e-04
1.112676e-03
1.255869e-03
1.323944e-03
1.481221e-03
1.392019e-03
1.408451e-03
1.274648e-03
1.227700e-03
1.244131e-03
1.159624e-03
1.478873e-03
1.638498e-03
1.779343e-03
2.185446e-03
2.089202e-03
2.192488e-03
2.161972e-03
2.110329e-03
1.950704e-03
1.842723e-03
1.976526e-03
2.185446e-03
2.323944e-03
2.549296e-03
3.007042e-03
3.028169e-03
3.244131e-03
3.279343e-03
3.265258e-03
3.098592e-03
2.887324e-03
2.661972e-03
2.671362e-03
2.781690e-03
2.840376e-03
3.159624e-03
3.523474e-03
3.800469e-03
3.948357e-03
3.917840e-03
3.856808e-03
3.800469e-03
3.556338e-03
3.267606e-03
2.906103e-03
2.664319e-03
2.685446e-03
2.767606e-03
2.880282e-03
3.021127e-03
3.326291e-03
3.462441e-03
3.164319e-03
3.335681e-03
3.126761e-03
2.964789e-03
2.516432e-03
2.467136e-03
2.171362e-03
2.072770e-03
1.708920e-03
1.863850e-03
1.833333e-03
1.863850e-03
1.960094e-03
2.201878e-03
2.192488e-03
2.352113e-03
2.478873e-03
2.377934e-03
2.586854e-03
2.504695e-03
2.474178e-03
2.356808e-03
2.058685e-03
1.866197e-03
1.915493e-03
1.718310e-03
1.746479e-03
1.781690e-03
1.868545e-03
2.143192e-03
2.239437e-03
2.507042e-03
2.638498e-03
2.683099e-03
2.694836e-03
2.781690e-03
2.406103e-03
2.227700e-03
2.082160e-03
2.046948e-03
1.755869e-03
1.579812e-03
1.464789e-03
1.403756e-03
1.288732e-03
1.302817e-03
1.349765e-03
1.457746e-03
1.523474e-03
1.723005e-03
1.840376e-03
2.122066e-03
2.356808e-03
2.392019e-03
2.647887e-03
2.565728e-03
2.556338e-03
2.478873e-03
2.377934e-03
2.053991e-03
1.877934e-03
1.833333e-03
1.610329e-03
1.401408e-03
1.276995e-03
1.192488e-03
1.126761e-03
1.115023e-03
1.213615e-03
1.345070e-03
1.281690e-03
1.448357e-03
1.556338e-03
1.683099e-03
1.978873e-03
2.321596e-03
2.237089e-03
2.302817e-03
2.657277e-03
2.575117e-03
2.504695e-03
2.622066e-03
2.528169e-03
2.417840e-03
2.211268e-03
2.028169e-03
1.955399e-03
1.823944e-03
1.704225e-03
1.488263e-03
1.429577e-03
1.302817e-03
1.246479e-03
1.140845e-03
1.117371e-03
1.220657e-03
1.220657e-03
1.220657e-03
1.399061e-03
1.438967e-03
1.622066e-03
1.680751e-03
1.953052e-03
2.105634e-03
2.197183e-03
2.375587e-03
2.469484e-03
2.664319e-03
2.732394e-03
2.769953e-03
3.028169e-03
3.471831e-03
3.417840e-03
3.368545e-03
3.525822e-03
3.713615e-03
3.589202e-03
3.650235e-03
3.636150e-03
3.633803e-03
3.544601e-03
3.460094e-03
3.323944e-03
3.007042e-03
3.208920e-03
3.211268e-03
2.894366e-03
2.784038e-03
2.626761e-03
2.457746e-03
2.488263e-03
2.448357e-03
2.349765e-03
2.110329e-03
1.995305e-03
1.847418e-03
1.798122e-03
1.516432e-03
1.464789e-03
1.453052e-03
1.326291e-03
1.145540e-03
1.234742e-03
1.084507e-03
9.248826e-04
8.380282e-04
7.910798e-04
6.572770e-04
6.737089e-04
6.478873e-04
5.821596e-04
4.671362e-04
4.507042e-04
4.107981e-04
3.896714e-04
3.333333e-04
3.427230e-04
3.239437e-04
3.098592e-04
3.521127e-04
2.793427e-04
2.323944e-04
2.183099e-04
1.971831e-04
1.760563e-04
1.690141e-04
2.183099e-04
1.455399e-04
1.619718e-04
1.596244e-04
1.338028e-04
1.361502e-04
1.244131e-04
1.502347e-04
1.244131e-04
1.244131e-04
1.173709e-04
1.009390e-04
1.291080e-04
1.103286e-04
1.009390e-04
1.220657e-04
1.126761e-04
9.389671e-05
8.450704e-05
8.215962e-05
8.685446e-05
6.807512e-05
7.981221e-05
7.981221e-05
9.389671e-05
5.633803e-05
8.450704e-05
7.746479e-05
8.450704e-05
7.981221e-05
8.215962e-05
7.042254e-05
7.981221e-05
9.154930e-05
